#eta  dep  379415-380237  380005-380305  380306-380465  380466-380859  380860-380962  380963-381150  381151-381383  381384-381983  381984-382593  382594-382768  382769-382936  382937-383322  383323-383484  383485-383691  383692-383810
-29   1    0.844887       0.857073       0.869913       0.883038       0.653231       0.657481       0.665635       0.676791       0.688962       0.699941       0.710739       0.722808       0.735462       0.74707        0.757798
-29   2    0.844785       0.85697        0.869808       0.882932       0.653189       0.657438       0.665592       0.676747       0.688917       0.699896       0.710693       0.722761       0.735415       0.747021       0.757749
-29   3    0.894964       0.907873       0.921474       0.935377       0.691989       0.696491       0.705129       0.716947       0.72984        0.74147        0.752909       0.765693       0.779099       0.791395       0.80276
-28   1    0.810503       0.818191       0.826259       0.834469       0.611854       0.614481       0.619504       0.626343       0.633767       0.640423       0.646942       0.654189       0.661745       0.66864        0.674986
-28   2    0.810471       0.81816        0.826227       0.834437       0.611854       0.614481       0.619504       0.626343       0.633767       0.640423       0.646942       0.654189       0.661745       0.66864        0.674986
-28   3    0.984827       0.991567       0.998616       1.00577        0.940384       0.943289       0.948844       0.956376       0.964509       0.971785       0.978877       0.986737       0.994893       1.00231        1.00911
-28   4    0.984886       0.991626       0.998676       1.00583        0.940421       0.943327       0.948882       0.956407       0.964547       0.971824       0.978916       0.986776       0.994933       1.00235        1.00915
-28   5    0.984819       0.991558       0.998607       1.00576        0.940369       0.943274       0.948829       0.956361       0.964493       0.971769       0.978861       0.986721       0.994877       1.0023         1.00909
-28   6    0.99659        1.00341        1.01054        1.01778        0.951642       0.954582       0.960204       0.967818       0.976056       0.983419       0.990596       0.99855        1.0068         1.01431        1.02119
-28   7    0.996668       1.00349        1.01062        1.01786        0.951704       0.954644       0.960266       0.967889       0.976119       0.983483       0.99066        0.998615       1.00687        1.01438        1.02126
-27   1    0.951412       0.960723       0.970489       0.980428       0.865142       0.868964       0.876277       0.886228       0.897026       0.906709       0.916185       0.926714       0.937691       0.947711       0.956918
-27   2    0.951098       0.960406       0.970169       0.980105       0.864945       0.868767       0.876078       0.886034       0.896823       0.906503       0.915976       0.926503       0.937478       0.947496       0.956701
-27   3    0.974852       0.978397       0.982095       0.985838       0.945515       0.947073       0.950035       0.954039       0.958352       0.962193       0.965929       0.970054       0.974316       0.978173       0.981703
-27   4    0.974861       0.978406       0.982104       0.985847       0.945498       0.947057       0.950019       0.954022       0.958336       0.962176       0.965913       0.970037       0.974299       0.978156       0.981686
-27   5    0.974738       0.978283       0.98198        0.985723       0.945458       0.947016       0.949978       0.953981       0.958295       0.962135       0.965871       0.969995       0.974257       0.978114       0.981644
-27   6    0.984713       0.988294       0.99203        0.99581        0.955153       0.956727       0.95972        0.963764       0.968122       0.972001       0.975776       0.979942       0.984248       0.988145       0.991711
-27   7    0.984803       0.988384       0.99212        0.995901       0.95517        0.956744       0.959736       0.963781       0.968139       0.972018       0.975793       0.979959       0.984265       0.988162       0.991728
-26   1    0.960325       0.967733       0.975488       0.983357       0.89482        0.897933       0.903883       0.911971       0.920722       0.928549       0.93619        0.944665       0.953476       0.961497       0.968855
-26   2    0.960183       0.96759        0.975343       0.983211       0.894679       0.897799       0.903748       0.911835       0.920585       0.928411       0.936051       0.944525       0.953334       0.961353       0.96871
-26   3    0.978398       0.980766       0.983225       0.985713       0.956097       0.957145       0.959133       0.96182        0.964713       0.967283       0.969782       0.972531       0.975371       0.977941       0.980287
-26   4    0.978489       0.980856       0.983316       0.985804       0.956183       0.957231       0.959219       0.961906       0.964799       0.96737        0.969869       0.972619       0.975458       0.978029       0.980375
-26   5    0.978453       0.98082        0.98328        0.985768       0.956148       0.957196       0.959185       0.961872       0.964765       0.967335       0.969834       0.972584       0.975423       0.977994       0.98034
-26   6    0.984232       0.986614       0.989088       0.991591       0.961843       0.962897       0.964897       0.9676         0.97051        0.973096       0.97561        0.978376       0.981232       0.983818       0.986179
-26   7    0.984333       0.986715       0.989189       0.991692       0.961921       0.962975       0.964975       0.967679       0.970589       0.973175       0.975689       0.978455       0.981312       0.983898       0.986259
-25   1    0.962534       0.968402       0.974525       0.980733       0.908541       0.911046       0.915812       0.922285       0.929267       0.935505       0.941587       0.948318       0.9553         0.96164        0.967447
-25   2    0.962591       0.96846        0.974583       0.980791       0.908704       0.911202       0.915977       0.922451       0.929434       0.935674       0.941756       0.948489       0.955472       0.961813       0.967621
-25   3    0.973185       0.974753       0.976396       0.978039       0.95524        0.955933       0.957262       0.959056       0.960987       0.962699       0.964356       0.966178       0.968063       0.969766       0.971323
-25   4    0.973303       0.974872       0.976515       0.978157       0.955301       0.955994       0.957323       0.959117       0.961048       0.96276        0.964418       0.966239       0.968124       0.969828       0.971385
-25   5    0.973113       0.974681       0.976323       0.977966       0.955101       0.955793       0.957123       0.958916       0.960847       0.962559       0.964216       0.966037       0.967922       0.969624       0.971181
-25   6    0.980525       0.982105       0.98376        0.985415       0.962313       0.96301        0.964349       0.966157       0.968102       0.969826       0.971496       0.973331       0.97523        0.976945       0.978514
-24   1    0.955948       0.960226       0.964685       0.969206       0.911568       0.913412       0.916929       0.921689       0.926815       0.93138        0.935831       0.940737       0.945822       0.950435       0.954651
-24   2    0.955666       0.959943       0.964401       0.96892        0.911405       0.913249       0.916765       0.921525       0.926649       0.931213       0.935664       0.940569       0.945653       0.950266       0.95448
-24   3    0.986938       0.988133       0.989375       0.990617       0.975424       0.975951       0.976966       0.978339       0.979805       0.981103       0.982372       0.983754       0.985192       0.98649        0.987665
-24   4    0.986995       0.988189       0.989422       0.990674       0.975452       0.975978       0.976994       0.978366       0.979833       0.98113        0.9824         0.983782       0.98522        0.986518       0.987693
-24   5    0.986985       0.98818        0.989412       0.990664       0.97536        0.975887       0.976902       0.978274       0.979741       0.981038       0.982307       0.983689       0.985128       0.986425       0.9876
-24   6    0.990772       0.991971       0.993209       0.994465       0.979208       0.979736       0.980756       0.982134       0.983606       0.984909       0.986183       0.98757        0.989014       0.990317       0.991496
-23   1    0.959012       0.962518       0.966166       0.969858       0.922193       0.923718       0.926617       0.930539       0.93477        0.938532       0.942185       0.946216       0.950397       0.954176       0.957628
-23   2    0.958801       0.962306       0.965953       0.969643       0.922139       0.923664       0.926563       0.930484       0.934715       0.938469       0.94213        0.94616        0.950341       0.95412        0.957572
-23   3    0.987489       0.98828        0.98911        0.989939       0.978025       0.978378       0.979054       0.979968       0.980949       0.981816       0.982654       0.983578       0.984541       0.985398       0.986188
-23   4    0.98767        0.988461       0.989291       0.990121       0.978128       0.97848        0.979157       0.980071       0.981052       0.981919       0.982757       0.983682       0.984644       0.985501       0.986292
-23   5    0.987537       0.988328       0.989157       0.989987       0.977997       0.97835        0.979026       0.97994        0.980921       0.981788       0.982626       0.98355        0.984512       0.98537        0.98616
-23   6    0.990844       0.991637       0.99247        0.993302       0.981222       0.981575       0.982254       0.983171       0.984156       0.985025       0.985866       0.986793       0.987758       0.988618       0.989412
-22   1    0.962156       0.964889       0.967729       0.970606       0.931003       0.932199       0.934472       0.937553       0.940859       0.943802       0.94666        0.94981        0.953064       0.956016       0.958702
-22   2    0.962415       0.965149       0.96799        0.970868       0.931083       0.93228        0.934552       0.937634       0.940939       0.943883       0.946741       0.949892       0.953146       0.956098       0.958784
-22   3    0.993542       0.994338       0.995163       0.996008       0.987014       0.98737        0.988053       0.988976       0.989967       0.990842       0.991689       0.992631       0.993593       0.994459       0.995258
-22   4    0.993628       0.994425       0.99525        0.996095       0.987014       0.98737        0.988053       0.988976       0.989967       0.990842       0.991689       0.992631       0.993593       0.994459       0.995258
-22   5    0.993735       0.994531       0.995357       0.996202       0.987156       0.987512       0.988195       0.989119       0.99011        0.990985       0.991832       0.992775       0.993737       0.994603       0.995401
-22   6    0.996794       0.997593       0.998422       0.999269       0.990233       0.99059        0.991276       0.992202       0.993196       0.994074       0.994924       0.995869       0.996834       0.997703       0.998504
-21   1    0.965152       0.967104       0.969139       0.971192       0.94084        0.9417         0.943341       0.945558       0.947935       0.950054       0.952103       0.954364       0.956696       0.958807       0.960731
-21   2    0.965108       0.96706        0.969095       0.971148       0.940907       0.941767       0.943408       0.945625       0.948002       0.950122       0.95217        0.954432       0.956764       0.958875       0.9608
-21   3    0.992199       0.9926         0.993012       0.993423       0.98587        0.986055       0.986395       0.986851       0.987347       0.987784       0.988201       0.988667       0.989143       0.98958        0.989969
-21   4    0.992044       0.992445       0.992856       0.993267       0.985794       0.985978       0.986318       0.986775       0.98727        0.987707       0.988124       0.98859        0.989066       0.989503       0.989892
-21   5    0.992092       0.992494       0.992905       0.993316       0.985985       0.98617        0.98651        0.986966       0.987462       0.987899       0.988316       0.988782       0.989258       0.989695       0.990084
-21   6    0.993931       0.994333       0.994745       0.995156       0.987722       0.987907       0.988247       0.988704       0.989201       0.989638       0.990057       0.990524       0.991          0.991438       0.991827
-20   1    0.974282       0.97586        0.977494       0.979156       0.957758       0.958461       0.959793       0.9616         0.963534       0.96525        0.966911       0.968745       0.970643       0.97235        0.97391
-20   2    0.974145       0.975723       0.977357       0.979019       0.957627       0.95833        0.959662       0.961468       0.963403       0.965118       0.966779       0.968613       0.97051        0.972217       0.973777
-20   3    0.999822       1.00022        1.00063        1.00106        0.996992       0.997169       0.997513       0.997975       0.998476       0.998919       0.999341       0.999813       1.00029        1.00074        1.00113
-20   4    0.999862       1.00026        1.00067        1.0011         0.997041       0.997218       0.997562       0.998024       0.998526       0.998968       0.999391       0.999862       1.00034        1.00079        1.00118
-20   5    0.999724       1.00012        1.00053        1.00096        0.997022       0.997199       0.997543       0.998005       0.998506       0.998948       0.999371       0.999843       1.00032        1.00077        1.00116
-20   6    1.00042        1.00082        1.00123        1.00166        0.997649       0.997826       0.998171       0.998633       0.999134       0.999577       1              1.00047        1.00095        1.0014         1.00179
-19   1    0.977095       0.978276       0.979505       0.980752       0.962615       0.963143       0.964144       0.965497       0.966952       0.96824        0.969491       0.970872       0.97229        0.973578       0.974746
-19   2    0.976957       0.978138       0.979366       0.980613       0.962686       0.963215       0.964216       0.965569       0.967024       0.968312       0.969563       0.970944       0.972362       0.973651       0.974818
-19   3    0.99168        0.99168        0.99168        0.99168        0.986675       0.986675       0.986675       0.986675       0.986675       0.986675       0.986675       0.986675       0.986675       0.986675       0.986675
-19   4    0.99171        0.99171        0.99171        0.99171        0.986792       0.986792       0.986792       0.986792       0.986792       0.986792       0.986792       0.986792       0.986792       0.986792       0.986792
-19   5    0.991827       0.991827       0.991827       0.991827       0.986908       0.986908       0.986908       0.986908       0.986908       0.986908       0.986908       0.986908       0.986908       0.986908       0.986908
-19   6    0.993396       0.993396       0.993396       0.993396       0.988364       0.988364       0.988364       0.988364       0.988364       0.988364       0.988364       0.988364       0.988364       0.988364       0.988364
-18   1    1.00788        1.0087         1.00954        1.01039        1.0013         1.00166        1.00236        1.0033         1.0043         1.00519        1.00606        1.00701        1.00799        1.00888        1.00968
-18   2    1.00807        1.00888        1.00973        1.01058        1.00116        1.00152        1.00222        1.00315        1.00415        1.00504        1.00591        1.00686        1.00784        1.00873        1.00953
-18   3    0.998986       0.998986       0.998986       0.998986       0.995945       0.995945       0.995945       0.995945       0.995945       0.995945       0.995945       0.995945       0.995945       0.995945       0.995945
-18   4    0.999204       0.999204       0.999204       0.999204       0.996252       0.996252       0.996252       0.996252       0.996252       0.996252       0.996252       0.996252       0.996252       0.996252       0.996252
-18   5    0.999125       0.999125       0.999125       0.999125       0.996133       0.996133       0.996133       0.996133       0.996133       0.996133       0.996133       0.996133       0.996133       0.996133       0.996133
-17   2    0.990705       0.991106       0.991516       0.991937       0.983501       0.983675       0.984015       0.98448        0.984974       0.98541        0.985826       0.986291       0.986776       0.987202       0.987599
-17   3    0.997301       0.996901       0.996487       0.99607        0.995124       0.994943       0.994601       0.994139       0.993645       0.993207       0.992783       0.992318       0.991838       0.991406       0.991013
-16   4    1.01927        1.01927        1.01927        1.01927        1.01927        1.01927        1.01927        1.01927        1.01927        1.01927        1.01927        1.01927        1.01927        1.01927        1.01927
16    4    0.997671       0.997671       0.997671       0.997671       0.992632       0.992632       0.992632       0.992632       0.992632       0.992632       0.992632       0.992632       0.992632       0.992632       0.992632
17    2    1.01728        1.01849        1.01975        1.02102        1.01357        1.01411        1.01515        1.01656        1.01806        1.0194         1.02069        1.02212        1.02359        1.02492        1.02613
17    3    1.01618        1.01659        1.017          1.01742        1.01508        1.01527        1.01561        1.01607        1.01658        1.01702        1.01745        1.01792        1.01842        1.01885        1.01925
18    1    1.00501        1.00701        1.0091         1.0112         0.985411       0.9863         0.987986       0.990261       0.992715       0.994887       0.997004       0.999326       1.00173        1.0039         1.00588
18    2    1.00503        1.00703        1.00912        1.01122        0.985549       0.986439       0.988125       0.990401       0.992854       0.995027       0.997144       0.999466       1.00187        1.00404        1.00602
18    3    1.02132        1.02212        1.02297        1.02381        1.0198         1.02016        1.02086        1.02179        1.0228         1.02369        1.02456        1.0255         1.02649        1.02738        1.02818
18    4    1.02115        1.02196        1.0228         1.02365        1.01971        1.02007        1.02077        1.0217         1.0227         1.0236         1.02447        1.02541        1.02639        1.02729        1.02809
18    5    1.0212         1.022          1.02285        1.02369        1.01966        1.02002        1.02072        1.02166        1.02266        1.02355        1.02442        1.02537        1.02635        1.02724        1.02804
19    1    1.01057        1.01257        1.01467        1.01677        0.996073       0.996965       0.998663       1.00097        1.00343        1.00563        1.00776        1.01011        1.01253        1.01472        1.01672
19    2    1.0102         1.01221        1.0143         1.01641        0.995592       0.996483       0.99818        1.00048        1.00295        1.00515        1.00727        1.00962        1.01204        1.01423        1.01623
19    3    1.02415        1.02537        1.02664        1.02791        1.02114        1.02169        1.02273        1.02413        1.02564        1.02699        1.02829        1.02972        1.0312         1.03253        1.03375
19    4    1.02402        1.02524        1.0265         1.02777        1.02104        1.02158        1.02263        1.02403        1.02554        1.02688        1.02819        1.02962        1.03109        1.03243        1.03364
19    5    1.02414        1.02537        1.02663        1.0279         1.02117        1.02172        1.02276        1.02416        1.02567        1.02702        1.02832        1.02975        1.03123        1.03256        1.03378
19    6    1.0216         1.02282        1.02408        1.02535        1.01861        1.01915        1.02019        1.02159        1.0231         1.02444        1.02574        1.02717        1.02864        1.02997        1.03118
20    1    1.00174        1.00414        1.00664        1.00914        0.979853       0.980913       0.982931       0.985659       0.98859        0.991189       0.993714       0.996507       0.999382       1.00198        1.00436
20    2    1.00151        1.00391        1.00641        1.00891        0.979501       0.98056        0.982578       0.985305       0.988235       0.990833       0.993357       0.996149       0.999023       1.00162        1.004
20    3    1.02163        1.02284        1.02411        1.02538        1.01819        1.01875        1.01979        1.02119        1.02269        1.02403        1.02533        1.02676        1.02823        1.02956        1.03076
20    4    1.02157        1.02279        1.02405        1.02532        1.01825        1.0188         1.01984        1.02124        1.02275        1.02408        1.02538        1.02681        1.02828        1.02961        1.03082
20    5    1.02166        1.02288        1.02414        1.02541        1.01832        1.01888        1.01992        1.02132        1.02283        1.02416        1.02546        1.02689        1.02836        1.02969        1.0309
20    6    1.02028        1.02148        1.02275        1.02402        1.01674        1.0173         1.01834        1.01973        1.02124        1.02257        1.02387        1.0253         1.02676        1.02809        1.0293
21    1    0.983709       0.98647        0.989342       0.992252       0.949442       0.950642       0.952936       0.956032       0.959367       0.962331       0.965207       0.968383       0.971664       0.974629       0.977337
21    2    0.984009       0.986771       0.989644       0.992554       0.949635       0.950835       0.953129       0.956226       0.959562       0.962526       0.965403       0.968579       0.971862       0.974826       0.977535
21    3    1.02209        1.0233         1.02457        1.02583        1.01632        1.01687        1.01791        1.01931        1.02081        1.02214        1.02344        1.02486        1.02633        1.02765        1.02886
21    4    1.02197        1.02317        1.02444        1.02571        1.01619        1.01674        1.01778        1.01918        1.02068        1.02201        1.02331        1.02473        1.0262         1.02752        1.02873
21    5    1.02213        1.02334        1.02461        1.02588        1.01642        1.01697        1.01801        1.01941        1.02091        1.02225        1.02354        1.02497        1.02643        1.02776        1.02896
21    6    1.01986        1.02106        1.02233        1.0236         1.01417        1.01473        1.01576        1.01715        1.01865        1.01999        1.02128        1.0227         1.02416        1.02548        1.02669
22    1    0.966822       0.969932       0.973169       0.976442       0.929538       0.930891       0.933461       0.936938       0.940682       0.944014       0.947252       0.950824       0.954515       0.957856       0.960906
22    2    0.966944       0.970055       0.973292       0.976565       0.929745       0.931098       0.933669       0.937147       0.940891       0.944224       0.947463       0.951035       0.954728       0.95807        0.96112
22    3    1.01136        1.01257        1.01381        1.01508        1.00057        1.00112        1.00214        1.00352        1.005          1.00632        1.0076         1.009          1.01044        1.01175        1.01294
22    4    1.01141        1.01262        1.01386        1.01513        1.00055        1.0011         1.00212        1.0035         1.00498        1.0063         1.00758        1.00898        1.01043        1.01173        1.01292
22    5    1.01137        1.01258        1.01382        1.01509        1.00056        1.00111        1.00213        1.00351        1.00499        1.00631        1.00759        1.00899        1.01044        1.01174        1.01293
22    6    1.00988        1.01108        1.01232        1.01359        0.999068       0.999612       1.00063        1.00201        1.00349        1.00481        1.00608        1.00748        1.00892        1.01023        1.01142
23    1    0.958546       0.962023       0.96565        0.969312       0.911373       0.912867       0.915714       0.919564       0.923706       0.927399       0.930984       0.934943       0.939043       0.942752       0.946138
23    2    0.958682       0.962159       0.965786       0.969449       0.911509       0.913003       0.91585        0.919702       0.923844       0.927537       0.931123       0.935083       0.939183       0.942893       0.94628
23    3    1.015          1.01661        1.01828        1.01998        1.00456        1.00529        1.00666        1.00851        1.0105         1.01227        1.01398        1.01586        1.01781        1.01957        1.02117
23    4    1.01507        1.01668        1.01835        1.02005        1.00465        1.00538        1.00675        1.00859        1.01059        1.01236        1.01407        1.01595        1.0179         1.01965        1.02126
23    5    1.01499        1.0166         1.01827        1.01997        1.00452        1.00525        1.00662        1.00847        1.01046        1.01223        1.01394        1.01582        1.01777        1.01953        1.02113
23    6    1.01441        1.01602        1.01769        1.01939        1.00397        1.0047         1.00607        1.00791        1.0099         1.01167        1.01338        1.01526        1.01721        1.01897        1.02057
24    1    0.953363       0.957608       0.962034       0.966512       0.899713       0.901522       0.904972       0.909644       0.914678       0.919166       0.923524       0.928349       0.933335       0.937862       0.942004
24    2    0.952744       0.956986       0.961409       0.965885       0.899366       0.901174       0.904623       0.909293       0.914325       0.918811       0.923168       0.927991       0.932975       0.937501       0.94164
24    3    1.00365        1.00525        1.00691        1.00857        0.987401       0.988113       0.98946        0.991291       0.993245       0.994981       0.99667        0.99852        1.00044        1.00217        1.00375
24    4    1.00374        1.00535        1.007          1.00867        0.987345       0.988056       0.989403       0.991234       0.993189       0.994925       0.996613       0.998463       1.00038        1.00212        1.00369
24    5    1.00368        1.00528        1.00694        1.0086         0.987298       0.988009       0.989356       0.991187       0.993141       0.994877       0.996566       0.998416       1.00033        1.00207        1.00364
24    6    1.00514        1.00674        1.0084         1.01007        0.988827       0.989539       0.990889       0.992722       0.994679       0.996418       0.998109       0.999962       1.00188        1.00362        1.0052
25    1    0.950075       0.955469       0.961099       0.966812       0.882069       0.88433        0.888651       0.894498       0.900811       0.906451       0.911937       0.918006       0.924304       0.930028       0.935261
25    2    0.95018        0.955574       0.961204       0.966918       0.881914       0.884174       0.888495       0.89434        0.900653       0.906291       0.911776       0.917844       0.924141       0.929864       0.935096
25    3    1.00208        1.00448        1.00698        1.0095         0.981796       0.982859       0.984884       0.987611       0.990551       0.993159       0.995692       0.998493       1.00138        1.00398        1.00636
25    4    1.00207        1.00446        1.00696        1.00948        0.981624       0.982687       0.984711       0.987438       0.990377       0.992984       0.995517       0.998318       1.0012         1.00381        1.00618
25    5    1.00211        1.00451        1.00701        1.00953        0.981751       0.982814       0.984839       0.987566       0.990506       0.993113       0.995646       0.998447       1.00133        1.00394        1.00631
25    6    1.00662        1.00903        1.01153        1.01407        0.986136       0.987204       0.989237       0.991977       0.99493        0.997548       1.00009        1.00291        1.0058         1.00842        1.01081
26    1    0.953704       0.961052       0.968735       0.976541       0.879209       0.882271       0.888108       0.896041       0.904626       0.912302       0.919802       0.928116       0.936752       0.944618       0.951833
26    2    0.953642       0.960989       0.968672       0.976478       0.879196       0.882258       0.888095       0.896028       0.904612       0.912296       0.919789       0.928102       0.936738       0.944604       0.951819
26    3    0.983041       0.985796       0.988654       0.991548       0.95043        0.951634       0.953926       0.957014       0.960341       0.963296       0.966172       0.96934        0.972614       0.975578       0.978277
26    4    0.983186       0.985942       0.9888         0.991695       0.950439       0.951642       0.953934       0.957022       0.960349       0.963305       0.966181       0.969348       0.972622       0.975587       0.978285
26    5    0.983123       0.985879       0.988736       0.991631       0.95043        0.951634       0.953926       0.957014       0.960341       0.963296       0.966172       0.96934        0.972614       0.975578       0.978277
26    6    0.990137       0.992912       0.99579        0.998705       0.957215       0.958427       0.960735       0.963845       0.967196       0.970173       0.973069       0.976259       0.979557       0.982542       0.98526
26    7    0.990017       0.992792       0.99567        0.998584       0.957172       0.958384       0.960692       0.963802       0.967153       0.970129       0.973025       0.976216       0.979513       0.982498       0.985216
27    1    0.930141       0.937412       0.945021       0.952741       0.839919       0.842887       0.848547       0.856247       0.864571       0.872022       0.879301       0.887368       0.895761       0.903399       0.910415
27    2    0.929973       0.937242       0.94485        0.952569       0.839838       0.842805       0.848465       0.856164       0.864487       0.871938       0.879216       0.887282       0.895674       0.903312       0.910327
27    3    0.976509       0.980034       0.983704       0.987418       0.933424       0.93495        0.937849       0.941771       0.945991       0.949751       0.9534         0.957432       0.961601       0.965378       0.968822
27    4    0.976377       0.979901       0.98357        0.987285       0.933313       0.934839       0.937737       0.941658       0.945878       0.949629       0.953286       0.957318       0.961486       0.965263       0.968707
27    5    0.976447       0.979972       0.983641       0.987356       0.933456       0.934982       0.937881       0.941803       0.946023       0.949774       0.953432       0.957465       0.961634       0.965411       0.968855
27    6    0.986549       0.990111       0.993818       0.997571       0.942991       0.944533       0.947461       0.951423       0.955687       0.959485       0.963171       0.967245       0.971457       0.975272       0.978752
27    7    0.986567       0.990129       0.993836       0.997589       0.943162       0.944704       0.947633       0.951595       0.95586        0.95965        0.963346       0.96742        0.971633       0.975449       0.978929
28    1    0.819334       0.827521       0.8361         0.844838       0.648672       0.651598       0.657197       0.664824       0.673095       0.680519       0.687792       0.695875       0.704303       0.711996       0.719076
28    2    0.819471       0.827659       0.836239       0.844978       0.648774       0.651701       0.6573         0.664929       0.673201       0.680626       0.6879         0.695984       0.704414       0.712108       0.719189
28    3    1.0002         1.00817        1.01649        1.02494        0.95382        0.957245       0.963791       0.972681       0.982291       0.990894       0.999296       1.00861        1.01829        1.02711        1.0352
28    4    1.00013        1.0081         1.01642        1.02487        0.953683       0.957107       0.963652       0.972541       0.98215        0.990751       0.999152       1.00846        1.01815        1.02696        1.03505
28    5    1.00017        1.00814        1.01646        1.02492        0.953751       0.957176       0.963721       0.972611       0.982221       0.990822       0.999224       1.00854        1.01822        1.02704        1.03513
28    6    1.01512        1.0232         1.03165        1.04023        0.968011       0.971487       0.97813        0.987152       0.996906       1.00564        1.01416        1.02362        1.03344        1.04239        1.0506
28    7    1.01516        1.02325        1.03169        1.04028        0.968035       0.97151        0.978154       0.987176       0.99693        1.00566        1.01419        1.02364        1.03347        1.04242        1.05063
29    1    0.977825       0.98957        1.00191        1.0145         0.87006        0.874777       0.883797       0.896108       0.909485       0.921517       0.933315       0.946459       0.960189       0.972746       0.984311
29    2    0.977825       0.989578       1.00191        1.0145         0.870054       0.874771       0.883791       0.896102       0.909479       0.92151        0.933308       0.946452       0.960182       0.97274        0.984305
29    3    1.01105        1.0232         1.03595        1.04897        0.899631       0.904508       0.913834       0.926564       0.940396       0.952836       0.965035       0.978626       0.992822       1.00581        1.01776
