#eta  dep  383811-384051  384052-384237  384238-384444  384445-384949  384950-385152  385153-385382  385383-385531  385532-385835  385836-385985  385986-386477  386478-386628  386629-386851  386852-388487
-29   1    0.774856       0.788733       0.803856       0.820323       0.836954       0.853941       0.8709         0.88821        0.902322       0.913595       0.926877       0.941592       0.956238
-29   2    0.76997        0.78376        0.798787       0.81515        0.831677       0.848556       0.865408       0.882609       0.896631       0.907834       0.921032       0.935655       0.950208
-29   3    0.815707       0.830316       0.846236       0.863571       0.881079       0.898962       0.916815       0.935037       0.949893       0.96176        0.975743       0.991234       1.00665
-28   1    0.682181       0.690253       0.699          0.70846        0.717963       0.727601       0.737165       0.746869       0.754735       0.760992       0.768332       0.776427       0.784443
-28   2    0.682181       0.690253       0.699          0.70846        0.717963       0.727601       0.737165       0.746869       0.754735       0.760992       0.768332       0.776427       0.784443
-28   3    1.01679        1.02538        1.03464        1.04462        1.05458        1.06464        1.07458        1.0846         1.0927         1.09911        1.10661        1.11485        1.12299
-28   4    1.01683        1.02542        1.03468        1.04466        1.05462        1.06468        1.07462        1.08464        1.09274        1.09915        1.10665        1.1149         1.12303
-28   5    1.01678        1.02537        1.03463        1.0446         1.05456        1.06462        1.07456        1.08458        1.09268        1.09909        1.10659        1.11484        1.12297
-28   6    1.02897        1.03766        1.04703        1.05712        1.06721        1.07738        1.08744        1.09758        1.10578        1.11227        1.11986        1.1282         1.13643
-28   7    1.02903        1.03772        1.0471         1.05719        1.06728        1.07745        1.08751        1.09765        1.10585        1.11234        1.11993        1.12827        1.13651
-27   1    0.967358       0.979065       0.99175        1.00547        1.01923        1.03318        1.04701        1.06104        1.07241        1.08145        1.09204        1.10372        1.11529
-27   2    0.967138       0.978843       0.991525       1.00524        1.019          1.03294        1.04678        1.0608         1.07217        1.0812         1.0918         1.10347        1.11503
-27   3    0.985673       0.990098       0.994851       0.999948       1.00501        1.01011        1.01511        1.02015        1.02419        1.02739        1.03112        1.0352         1.03921
-27   4    0.985656       0.990081       0.994834       0.999931       1.00499        1.01009        1.01509        1.02013        1.02418        1.02737        1.0311         1.03518        1.03919
-27   5    0.985613       0.990039       0.994791       0.999888       1.00495        1.01005        1.01505        1.02009        1.02413        1.02733        1.03106        1.03514        1.03915
-27   6    0.995721       1.00019        1.00499        1.01014        1.01526        1.02041        1.02546        1.03055        1.03464        1.03786        1.04163        1.04575        1.0498
-27   7    0.995738       1.00021        1.00501        1.01016        1.01527        1.02042        1.02548        1.03057        1.03465        1.03788        1.04165        1.04577        1.04982
-26   1    0.977174       0.986483       0.996537       1.00738        1.01822        1.02919        1.04002        1.05099        1.05984        1.06686        1.07509        1.08413        1.09306
-26   2    0.977028       0.986336       0.996389       1.00723        1.01807        1.02903        1.03987        1.05083        1.05968        1.0667         1.07493        1.08397        1.09289
-26   3    0.982921       0.985849       0.989002       0.99236        0.995701       0.99906        1.00235        1.00565        1.0083         1.01039        1.01283        1.01549        1.01811
-26   4    0.983009       0.985938       0.98909        0.992449       0.99579        0.999149       1.00244        1.00574        1.00839        1.01048        1.01292        1.01559        1.0182
-26   5    0.982973       0.985902       0.989055       0.992414       0.995755       0.999113       1.0024         1.00571        1.00836        1.01044        1.01288        1.01555        1.01816
-26   6    0.988828       0.991774       0.994945       0.998324       1.00168        1.00506        1.00837        1.01169        1.01436        1.01646        1.01891        1.0216         1.02423
-26   7    0.988908       0.991854       0.995026       0.998405       1.00177        1.00515        1.00845        1.01178        1.01444        1.01654        1.01899        1.02168        1.02431
-25   1    0.974006       0.981332       0.98923        0.997722       1.0062         1.01475        1.02318        1.03169        1.03855        1.04399        1.05034        1.05731        1.06418
-25   2    0.974182       0.981509       0.989408       0.997902       1.00638        1.01493        1.02337        1.03188        1.03874        1.04418        1.05052        1.0575         1.06437
-25   3    0.973071       0.975002       0.977087       0.9793         0.981504       0.983717       0.985875       0.988043       0.989782       0.991157       0.992751       0.9945         0.996212
-25   4    0.973133       0.975064       0.97715        0.979363       0.981567       0.98378        0.985938       0.988106       0.989845       0.991221       0.992814       0.994563       0.996275
-25   5    0.97293        0.97486        0.976945       0.979158       0.981361       0.983574       0.985732       0.987899       0.989638       0.991013       0.992606       0.994355       0.996066
-25   6    0.980276       0.982221       0.984321       0.986551       0.988771       0.991          0.993174       0.995358       0.99711        0.998495       1.0001         1.00186        1.00359
-24   1    0.959403       0.964699       0.970401       0.976517       0.982609       0.988734       0.994769       1.00084        1.00573        1.00958        1.01409        1.01904        1.0239
-24   2    0.959231       0.964526       0.970228       0.976343       0.982434       0.988557       0.994591       1.00066        1.00555        1.0094         1.01391        1.01886        1.02371
-24   3    0.988991       0.990467       0.992037       0.993729       0.995393       0.997067       0.998703       1.00035        1.00166        1.0027         1.0039         1.00522        1.00652
-24   4    0.989019       0.990495       0.992065       0.993757       0.995421       0.997095       0.998731       1.00038        1.00169        1.00273        1.00393        1.00525        1.00654
-24   5    0.988926       0.990402       0.991972       0.993664       0.995328       0.997001       0.998637       1.00028        1.0016         1.00263        1.00384        1.00515        1.00645
-24   6    0.992827       0.994309       0.995885       0.997584       0.999254       1.00093        1.00258        1.00423        1.00555        1.00659        1.0078         1.00912        1.01042
-23   1    0.961524       0.965856       0.970506       0.9755         0.98046        0.985454       0.990356       0.995291       0.999254       1.00239        1.00604        1.01004        1.01397
-23   2    0.961468       0.965799       0.970449       0.975443       0.980403       0.985396       0.990298       0.995233       0.999196       1.00233        1.00598        1.00998        1.01391
-23   3    0.987065       0.988046       0.989094       0.990208       0.991313       0.992427       0.993513       0.994599       0.995466       0.996152       0.996952       0.997828       0.998676
-23   4    0.987168       0.988149       0.989197       0.990312       0.991417       0.992531       0.993617       0.994703       0.99557        0.996256       0.997056       0.997933       0.998781
-23   5    0.987036       0.988018       0.989065       0.99018        0.991285       0.992399       0.993485       0.994571       0.995438       0.996123       0.996923       0.9978         0.998647
-23   6    0.990291       0.991275       0.992326       0.993444       0.994553       0.995671       0.99676        0.99785        0.998719       0.999408       1.00021        1.00109        1.00194
-22   1    0.961731       0.965097       0.968712       0.972585       0.976433       0.980289       0.984085       0.987889       0.990945       0.993355       0.99617        0.999251       1.00227
-22   2    0.961814       0.96518        0.968795       0.972669       0.976517       0.980373       0.984161       0.987974       0.99103        0.993441       0.996255       0.999337       1.00236
-22   3    0.996143       0.997133       0.998192       0.999317       1.00043        1.00156        1.00265        1.00375        1.00463        1.00532        1.00613        1.007          1.00787
-22   4    0.996143       0.997133       0.998192       0.999317       1.00043        1.00156        1.00265        1.00375        1.00463        1.00532        1.00613        1.007          1.00787
-22   5    0.996286       0.997277       0.998336       0.999461       1.00058        1.0017         1.00279        1.0039         1.00477        1.00546        1.00627        1.00715        1.00801
-22   6    0.999392       1.00039        1.00145        1.00258        1.0037         1.00483        1.00592        1.00703        1.0079         1.0086         1.00941        1.01029        1.01116
-21   1    0.962895       0.965299       0.967879       0.970637       0.973369       0.976109       0.978805       0.981501       0.983674       0.985376       0.987372       0.989544       0.991673
-21   2    0.962964       0.965367       0.967948       0.970706       0.973438       0.976187       0.978874       0.98157        0.983743       0.985446       0.987442       0.989615       0.991743
-21   3    0.990415       0.990901       0.991425       0.991988       0.992542       0.993095       0.993639       0.994173       0.99461        0.99495        0.995348       0.995785       0.996213
-21   4    0.990338       0.990824       0.991348       0.991911       0.992465       0.993018       0.993562       0.994096       0.994533       0.994873       0.995271       0.995708       0.996135
-21   5    0.990531       0.991016       0.991541       0.992104       0.992658       0.993211       0.993755       0.994289       0.994726       0.995066       0.995464       0.995901       0.996329
-21   6    0.992275       0.992761       0.993287       0.993851       0.994406       0.99496        0.995505       0.99604        0.996478       0.996819       0.997217       0.997655       0.998083
-20   1    0.975662       0.977615       0.979696       0.981932       0.98414        0.986357       0.988529       0.99071        0.992453       0.993831       0.995437       0.997189       0.998905
-20   2    0.975529       0.977481       0.979562       0.981797       0.984005       0.986222       0.988394       0.990575       0.992317       0.993695       0.995301       0.997053       0.998768
-20   3    1.00158        1.00207        1.0026         1.00317        1.00373        1.00429        1.00484        1.00539        1.00582        1.00617        1.00657        1.00701        1.00744
-20   4    1.00163        1.00212        1.00265        1.00321        1.00377        1.00434        1.00489        1.00544        1.00587        1.00622        1.00662        1.00706        1.00749
-20   5    1.00161        1.0021         1.00263        1.00319        1.00375        1.00432        1.00487        1.00542        1.00585        1.0062         1.0066         1.00704        1.00747
-20   6    1.00224        1.00273        1.00327        1.00383        1.00439        1.00495        1.0055         1.00605        1.00648        1.00684        1.00723        1.00767        1.0081
-19   1    0.976053       0.977517       0.979074       0.980742       0.982401       0.98406        0.985682       0.987304       0.98861        0.989639       0.990834       0.992132       0.993411
-19   2    0.976125       0.97759        0.979147       0.980815       0.982474       0.984133       0.985755       0.987377       0.988684       0.989712       0.990908       0.992205       0.993494
-19   3    0.986675       0.986675       0.986675       0.986675       0.986675       0.986675       0.986675       0.986675       0.986675       0.986675       0.986675       0.986675       0.986675
-19   4    0.986792       0.986792       0.986792       0.986792       0.986792       0.986792       0.986792       0.986792       0.986792       0.986792       0.986792       0.986792       0.986792
-19   5    0.986908       0.986908       0.986908       0.986908       0.986908       0.986908       0.986908       0.986908       0.986908       0.986908       0.986908       0.986908       0.986908
-19   6    0.988364       0.988364       0.988364       0.988364       0.988364       0.988364       0.988364       0.988364       0.988364       0.988364       0.988364       0.988364       0.988364
-18   1    1.01059        1.01159        1.01267        1.01381        1.01495        1.01609        1.0172         1.01831        1.01921        1.01992        1.02073        1.02163        1.0225
-18   2    1.01044        1.01144        1.01252        1.01367        1.0148         1.01594        1.01705        1.01817        1.01906        1.01977        1.02059        1.02148        1.02236
-18   3    0.995945       0.995945       0.995945       0.995945       0.995945       0.995945       0.995945       0.995945       0.995945       0.995945       0.995945       0.995945       0.995945
-18   4    0.996252       0.996252       0.996252       0.996252       0.996252       0.996252       0.996252       0.996252       0.996252       0.996252       0.996252       0.996252       0.996252
-18   5    0.996133       0.996133       0.996133       0.996133       0.996133       0.996133       0.996133       0.996133       0.996133       0.996133       0.996133       0.996133       0.996133
-17   2    0.988045       0.988529       0.989052       0.989614       0.990167       0.990719       0.991261       0.991814       0.99224        0.992589       0.992986       0.993422       0.993848
-17   3    0.990572       0.990083       0.989561       0.989003       0.988453       0.987903       0.987365       0.986828       0.986397       0.986059       0.985666       0.985237       0.984818
-16   4    1.01927        1.01927        1.01927        1.01927        1.01927        1.01927        1.01927        1.01927        1.01927        1.01927        1.01927        1.01927        1.01927
16    4    0.992632       0.992632       0.992632       0.992632       0.992632       0.992632       0.992632       0.992632       0.992632       0.992632       0.992632       0.992632       0.992632
17    2    1.0275         1.029          1.03062        1.03235        1.03406        1.03578        1.03745        1.03914        1.04049        1.04155        1.04279        1.04414        1.04547
17    3    1.0197         1.0202         1.02074        1.0213         1.02186        1.02242        1.02298        1.02353        1.02397        1.02432        1.02473        1.02517        1.0256
18    1    1.0081         1.01058        1.01323        1.01607        1.01888        1.0217         1.02447        1.02724        1.02947        1.03123        1.03327        1.0355         1.03769
18    2    1.00824        1.01072        1.01337        1.01621        1.01902        1.02184        1.02461        1.02738        1.02961        1.03136        1.03342        1.03564        1.03784
18    3    1.02908        1.03008        1.03117        1.03231        1.03345        1.03459        1.0357         1.03682        1.03771        1.03842        1.03924        1.04013        1.041
18    4    1.02899        1.02999        1.03107        1.03222        1.03336        1.03449        1.03561        1.03673        1.03762        1.03832        1.03914        1.04004        1.04091
18    5    1.02894        1.02995        1.03103        1.03217        1.03331        1.03445        1.03556        1.03668        1.03757        1.03827        1.0391         1.03999        1.04086
19    1    1.01896        1.02146        1.02413        1.02699        1.02983        1.03268        1.03546        1.03826        1.04051        1.04228        1.04434        1.0466         1.04881
19    2    1.01847        1.02096        1.02363        1.0265         1.02933        1.03218        1.03496        1.03776        1.04001        1.04178        1.04384        1.04609        1.0483
19    3    1.03511        1.03662        1.03824        1.03998        1.0417         1.04342        1.0451         1.04679        1.04814        1.04921        1.05045        1.0518         1.05314
19    4    1.03501        1.03652        1.03814        1.03988        1.0416         1.04332        1.045          1.04669        1.04804        1.0491         1.05035        1.0517         1.05303
19    5    1.03514        1.03665        1.03827        1.04001        1.04173        1.04345        1.04513        1.04682        1.04818        1.04924        1.05048        1.05184        1.05317
19    6    1.03254        1.03405        1.03567        1.0374         1.03912        1.04083        1.04251        1.0442         1.04555        1.04661        1.04785        1.0492         1.05052
20    1    1.00702        1.00999        1.01318        1.01659        1.01997        1.02336        1.02669        1.03004        1.03272        1.03483        1.0373         1.03999        1.04264
20    2    1.00666        1.00963        1.01282        1.01622        1.01961        1.023          1.02632        1.02967        1.03235        1.03446        1.03693        1.03962        1.04226
20    3    1.03213        1.03364        1.03526        1.03698        1.0387         1.04041        1.0421         1.04377        1.04512        1.04619        1.04743        1.04878        1.0501
20    4    1.03218        1.03369        1.03531        1.03703        1.03875        1.04046        1.04215        1.04382        1.04517        1.04624        1.04748        1.04883        1.05015
20    5    1.03227        1.03377        1.03539        1.03711        1.03883        1.04055        1.04223        1.04391        1.04526        1.04633        1.04757        1.04891        1.05023
20    6    1.03066        1.03217        1.03378        1.0355         1.03722        1.03893        1.04061        1.04228        1.04363        1.0447         1.04594        1.04728        1.0486
21    1    0.98038        0.983777       0.987411       0.991311       0.995174       0.999056       1.00288        1.0067         1.00978        1.01221        1.01503        1.01813        1.02117
21    2    0.980579       0.983976       0.987612       0.991512       0.995376       0.999259       1.00308        1.00691        1.00999        1.01241        1.01524        1.01834        1.02138
21    3    1.03023        1.03173        1.03334        1.03506        1.03677        1.03848        1.04017        1.04184        1.04319        1.04425        1.04549        1.04683        1.04815
21    4    1.03009        1.0316         1.03321        1.03493        1.03664        1.03835        1.04003        1.0417         1.04306        1.04412        1.04535        1.0467         1.04801
21    5    1.03033        1.03183        1.03344        1.03516        1.03688        1.03859        1.04027        1.04194        1.0433         1.04435        1.04559        1.04694        1.04825
21    6    1.02805        1.02955        1.03116        1.03288        1.03458        1.03629        1.03797        1.03964        1.04099        1.04204        1.04328        1.04462        1.04593
22    1    0.96434        0.968161       0.972272       0.976667       0.981035       0.98543        0.989738       0.994072       0.997559       1.00031        1.00351        1.00702        1.01047
22    2    0.964555       0.968377       0.972489       0.976884       0.981254       0.985649       0.989959       0.994294       0.997781       1.00053        1.00374        1.00724        1.01069
22    3    1.01429        1.01576        1.01736        1.01906        1.02074        1.02243        1.02408        1.02574        1.02707        1.02812        1.02933        1.03066        1.03197
22    4    1.01427        1.01574        1.01734        1.01904        1.02072        1.02241        1.02406        1.02572        1.02705        1.0281         1.02931        1.03064        1.03195
22    5    1.01428        1.01575        1.01735        1.01905        1.02073        1.02242        1.02407        1.02573        1.02706        1.02811        1.02932        1.03065        1.03196
22    6    1.01276        1.01424        1.01583        1.01753        1.01921        1.02089        1.02254        1.0242         1.02552        1.02657        1.02778        1.02911        1.03041
23    1    0.949956       0.954205       0.95877        0.963658       0.96853        0.973418       0.978231       0.983061       0.986945       0.990016       0.993601       0.997519       1.00137
23    2    0.950098       0.954348       0.958913       0.963802       0.968674       0.973563       0.978377       0.983208       0.987093       0.990164       0.99375        0.997668       1.00152
23    3    1.02297        1.02497        1.02712        1.02941        1.03168        1.03396        1.03619        1.03843        1.04022        1.04164        1.04329        1.04509        1.04685
23    4    1.02306        1.02506        1.02721        1.0295         1.03177        1.03405        1.03628        1.03852        1.04031        1.04173        1.04338        1.04518        1.04694
23    5    1.02293        1.02493        1.02708        1.02937        1.03164        1.03392        1.03615        1.03839        1.04018        1.0416         1.04325        1.04505        1.04681
23    6    1.02237        1.02437        1.02651        1.0288         1.03107        1.03335        1.03558        1.03781        1.03961        1.04102        1.04267        1.04447        1.04623
24    1    0.946668       0.951863       0.95746        0.963459       0.969434       0.975441       0.98136        0.987318       0.992111       0.995899       1.00032        1.00517        1.00993
24    2    0.946303       0.951496       0.95709        0.963087       0.96906        0.975065       0.980981       0.986937       0.991728       0.995515       0.999936       1.00478        1.00954
24    3    1.00552        1.00749        1.0096         1.01186        1.01409        1.01634        1.01853        1.02073        1.0225         1.02389        1.02551        1.02729        1.02902
24    4    1.00546        1.00744        1.00954        1.0118         1.01403        1.01628        1.01847        1.02067        1.02245        1.02383        1.02545        1.02723        1.02896
24    5    1.00542        1.00738        1.0095         1.01175        1.01398        1.01623        1.01842        1.02062        1.0224         1.02378        1.0254         1.02718        1.02891
24    6    1.00697        1.00894        1.01106        1.01332        1.01555        1.0178         1.02           1.0222         1.02398        1.02537        1.02699        1.02877        1.03051
25    1    0.941169       0.947766       0.954869       0.962508       0.970125       0.977802       0.985373       0.993004       0.999157       1.00403        1.00972        1.01596        1.02211
25    2    0.941003       0.947599       0.954701       0.962339       0.969954       0.97763        0.985199       0.992829       0.998981       1.00385        1.00954        1.01578        1.02193
25    3    1.00904        1.01202        1.01521        1.01863        1.02202        1.02542        1.02876        1.03212        1.03481        1.03693        1.0394         1.0421         1.04476
25    4    1.00886        1.01184        1.01503        1.01845        1.02184        1.02524        1.02858        1.03194        1.03463        1.03674        1.03922        1.04192        1.04457
25    5    1.009          1.01197        1.01516        1.01858        1.02197        1.02538        1.02871        1.03207        1.03476        1.03688        1.03936        1.04205        1.04471
25    6    1.0135         1.01649        1.0197         1.02313        1.02654        1.02996        1.03331        1.03668        1.03938        1.04151        1.044          1.04671        1.04937
26    1    0.959993       0.969127       0.978986       0.989614       1.00025        1.011          1.02163        1.03238        1.04105        1.04795        1.056          1.06487        1.07362
26    2    0.959979       0.969112       0.978971       0.989599       1.00023        1.01099        1.02161        1.03236        1.04104        1.04793        1.05599        1.06485        1.0736
26    3    0.981321       0.984701       0.988329       0.992222       0.99608        0.999956       1.00376        1.00758        1.01065        1.01308        1.0159         1.01899        1.02202
26    4    0.981329       0.98471        0.988338       0.992231       0.996089       0.999965       1.00377        1.00759        1.01066        1.01309        1.01591        1.019          1.02203
26    5    0.981321       0.984701       0.988329       0.992222       0.99608        0.999956       1.00376        1.00758        1.01065        1.01308        1.0159         1.01899        1.02202
26    6    0.988326       0.99173        0.995384       0.999305       1.00319        1.00709        1.01093        1.01478        1.01787        1.02031        1.02315        1.02626        1.02932
26    7    0.988282       0.991686       0.995339       0.99926        1.00315        1.00705        1.01088        1.01473        1.01782        1.02026        1.02311        1.02622        1.02927
27    1    0.918344       0.927221       0.93681        0.947154       0.957505       0.967973       0.978323       0.988791       0.997253       1.00397        1.01183        1.02047        1.02901
27    2    0.918255       0.927131       0.93672        0.947062       0.957412       0.967879       0.978229       0.988696       0.997157       1.00387        1.01173        1.02037        1.02891
27    3    0.97271        0.977032       0.981679       0.986658       0.991611       0.99659        1.00148        1.0064         1.01036        1.01348        1.01712        1.02111        1.02503
27    4    0.972594       0.976916       0.981562       0.98654        0.991493       0.996471       1.00136        1.00628        1.01024        1.01336        1.017          1.02099        1.02491
27    5    0.972743       0.977066       0.981712       0.986691       0.991645       0.996624       1.00152        1.00644        1.01039        1.01351        1.01715        1.02114        1.02507
27    6    0.982679       0.987046       0.99174        0.99677        1.00177        1.0068         1.01175        1.01672        1.02071        1.02387        1.02754        1.03157        1.03554
27    7    0.982857       0.987225       0.99192        0.99695        1.00196        1.00699        1.01193        1.0169         1.0209         1.02405        1.02773        1.03176        1.03572
28    1    0.727104       0.736115       0.745877       0.756445       0.767049       0.77781        0.788495       0.799333       0.808116       0.815104       0.823304       0.832346       0.841297
28    2    0.727218       0.736231       0.745994       0.756564       0.76717        0.777933       0.788619       0.799458       0.808243       0.815232       0.823434       0.832477       0.841429
28    3    1.04435        1.05458        1.06564        1.07756        1.08949        1.10155        1.11347        1.12552        1.13526        1.14299        1.15203        1.16198        1.1718
28    4    1.0442         1.05443        1.06549        1.07741        1.08933        1.10139        1.11331        1.12536        1.1351         1.14282        1.15187        1.16181        1.17163
28    5    1.04427        1.05451        1.06556        1.07749        1.08941        1.10147        1.11339        1.12544        1.13518        1.14291        1.15195        1.16189        1.17171
28    6    1.05989        1.07027        1.0815         1.0936         1.1057         1.11793        1.13004        1.14227        1.15215        1.15999        1.16917        1.17927        1.18923
28    7    1.05991        1.0703         1.08152        1.09362        1.10572        1.11796        1.13006        1.14229        1.15218        1.16002        1.1692         1.17929        1.18926
29    1    0.997455       1.01222        1.02827        1.04566        1.06315        1.08094        1.09863        1.11661        1.13121        1.14284        1.15651        1.1716         1.18656
29    2    0.997449       1.01222        1.02826        1.04565        1.06315        1.08093        1.09862        1.1166         1.1312         1.14284        1.1565         1.17159        1.18655
29    3    1.03136        1.04663        1.06321        1.0812         1.09929        1.11768        1.13597        1.15456        1.16966        1.18169        1.19581        1.21142        1.22689
